72604.13358166719                    
72604.13485840562                    
72604.15541371926                    
72604.39216939744                    
72606.72364641816                    
72627.26403549028                    
72718.48319736629                    
72891.98731037881                    
73144.63080685285                    
73473.62447628968                    
73876.20896903262                    
74349.2026067886                     
74888.87550114097                    
75490.93096425149                    
76150.50704766621                    
76862.1556786263                     
77619.84358127814                    
78416.9604242128                     
79246.34405363728                    
80100.32354479564                    
80970.70886588648                    
81848.87886253216                    
82725.79888747196                    
83592.18367607328                    
84438.49407657603                    
85255.09391757708                    
86032.34385269474                    
86760.76478556145                    
87431.15688937741                    
88034.78082966756                    
88563.50337704169                    
89009.9616899517                     
89367.72215981111                    
89631.41613914972                    
89796.88404146903                    
89861.28180281051                    
89823.16082367199                    
89682.52635967417                    
89440.86078856018                    
89101.11374348868                    
88667.6486251428                     
88146.17472204274                    
87543.63246788147                    
86868.05288046044                    
86128.40494482686                    
85334.3983696317                     
84496.28801760913                    
83624.70923493934                    
82730.47517011077                    
81824.38169940421                    
80917.01281034177                    
80018.63759330663                    
79139.0485570516                     
78287.45322337051                    
77472.40334025564                    
76701.7304548137                     
75982.49873806036                    
75320.98407788781                    
74722.6719850415                     
74192.27181008998                    
73733.73362670248                    
73350.26641741511                    
73044.38668512032                    
72817.94126522468                    
72672.14664787933                    
72607.62326754717                    
72624.41694721727                    
72722.02302388121                    
72899.40279133743                    
73154.98146380721                    
73486.66386890109                    
73891.80982581327                    
74367.23205053915                    
74909.19503073193                    
75513.38740602242                    
76174.91112451545                    
76888.3045039143                     
77647.50478701275                    
78445.88614095174                    
79276.27504252717                    
80130.98007720959                    
81001.79385698464                    
81880.07140854698                    
82756.78745342034                    
83622.628837349                      
84468.0497694958                     
85283.42214347325                    
86059.10115598775                    
86785.61548278501                    
87453.78885707752                    
88054.88927816603                    
88580.80895977629                    
89024.22478958211                    
89378.72660970801                    
89638.99571899952                    
89800.91430743948                    
89861.68793488083                    
89819.91840787779                    
89675.66433556337                    
89430.45939243342                    
89087.30321578046                    
88650.60913402712                    
88126.13486591277                    
87520.85880339629                    
86842.84656282251                    
86101.09620073295                    
85305.33739325446                    
84465.86271776512                    
83593.30061123302                    
82698.46513650907                    
81792.14234736458                    
80884.9106021186                     
79987.03701035376                    
79108.28767582143                    
78257.84143734233                    
77444.23498563042                    
76675.27373468615                    
75957.98417821187                    
75298.62060615163                    
74702.64289055846                    
74174.73242025418                    
73718.80855685189                    
73338.06084720229                    
73034.97373267473                    
72811.37488467419                    
72668.46147649526                    
72606.8282598291                     
72626.50448073649                    
72726.96609864153                    
72907.15476871983                    
73165.47901001341                    
73499.81952714444                    
73907.51858475535                    
74385.37273243784                    
74929.62324128865                    
75535.93996836003                    
76199.40371131759                    
76914.52245890886                    
77675.23045220299                    
78474.88575918967                    
79306.29721251682                    
80161.7130059101                     
81032.93838173812                    
81911.31355776142                    
82787.80053514085                    
83653.06539842398                    
84497.58961936668                    
85311.70555193251                    
86085.79732526722                    
86810.39316617642                    
87476.3235347501                     
88074.89159728518                    
88598.00869003347                    
89038.36973492954                    
89389.61040767256                    
89646.44889867622                    
89804.81603243212                    
89861.96458754032                    
89816.547445958                      
89668.67306314813                    
89419.92749660909                    
89073.36303584698                    
88633.44218968258                    
88105.96876208903                    
87497.96431306549                    
86817.52608751194                    
86073.687075683                      
85276.19804916186                    
84435.36745748112                    
83561.82789086229                    
82666.4041266337                     
81759.86424507514                    
80852.80272385404                    
79955.43908446201                    
79077.55074206032                    
78228.27869764963                    
77416.1339773525                     
76648.89126955427                    
75933.55745641852                    
75276.3562576823                     
74682.72055912594                    
74157.30296416832                    
73703.9928309743                     
73325.96073683424                    
73025.66955365195                    
72804.91685120655                    
72664.88075150378                    
72606.13641968984                    
72628.69189079161                    
72732.00391940356                    
72914.99375002018                    
73176.0547203001                     
73513.04530195064                    
73923.29322145249                    
74403.57051774787                    
74950.10140413382                    
75558.52399793574                    
76223.92460730484                    
76940.77412417921                    
77702.98603579964                    
78503.8896184164                     
79336.28065751962                    
80192.39558462157                    
81064.01943719093                    
81942.48937793178                    
82818.74763816773                    
83683.45201112829                    
84527.05092510635                    
85339.91576057234                    
86112.40394642342                    
86835.07460241126                    
87498.76250938606                    
88094.78642599712                    
88615.08473426139                    
89052.38741424338                    
89400.36567302649                    
89653.77346186554                    
89808.58890341448                    
89862.11180834606                    
89813.04834385519                    
89661.56023222199                    
89409.28537625632                    
89059.32315685753                    
88616.19467610995                    
88085.74378716247                    
87475.02738592148                    
86792.18719654912                    
86046.2756231309                     
85247.06840463351                    
84404.88669665063                    
83530.39086124397                    
82634.39635085629                    
81727.67556967399                    
80820.78842035307                    
79923.9549914927                     
79046.91645284973                    
78198.81655583181                    
77388.13120209465                    
76622.60951287398                    
75909.23460555619                    
75254.19849025685                    
74662.9068096445                     
74139.9801561994                     
73689.29534170518                    
73313.98099235079                    
73016.47993753868                    
72798.57127476098                    
72661.40916976467                    
72605.5481815376                     
72630.97574029712                    
72737.13189073346                    
72922.9197801328                     
73186.71079259536                    
73526.34601748124                    
73939.13271477332                    
74421.82620506448                    
74970.62655311689                    
75581.15495688257                    
76248.4713138567                     
76967.03220970603                    
77730.73079324732                    
78532.88389216841                    
79366.24953561636                    
80223.06898331414                    
81095.09171348005                    
81973.6345928807                     
82849.6323644512                     
83713.7448693653                     
84556.42070576746                    
85368.01523179756                    
86138.90962417504                    
86859.64309333617                    
87521.08722340043                    
88114.56247170529                    
88632.03976655091                    
89066.27865264054                    
89410.98509686989                    
89660.96133089966                    
89812.22670795216                    
89862.12976323054                    
89809.42552126548                    
89654.32924456024                    
89398.53084048993                    
89045.18248828444                    
88598.84823265414                    
88065.42054611559                    
87451.99897979587                    
86766.76300170171                    
86018.79067670659                    
85217.88347349537                    
84374.36722512348                    
83498.92401713449                    
82602.36303933346                    
81695.4491294805                     
80788.73904676861                    
79892.43772825778                    
79016.27189860475                    
78169.36326594299                    
77360.14876015975                    
76596.36489072636                    
75884.95874281456                    
75232.09419557918                    
74643.156445435                      
74122.7312796256                     
73674.67004467107                    
73302.07832874933                    
73007.37555086811                    
72792.31585486591                    
72658.0329949797                     
72605.06094428686                    
72633.36715431663                    
72742.3707863803                     
72930.95610934238                    
73197.47901021691                    
73539.76299902488                    
73955.09140429771                    
74440.20011239291                    
74991.26752038249                    
75603.90195178568                    
76273.13777523577                    
76993.41856851024                    
77758.60014324685                    
78561.98332474403                    
79396.31464593047                    
80253.82065609413                    
81126.22393095435                    
82004.83055620675                    
82880.57474106656                    
83744.09863303855                    
84585.8423933865                     
85396.16169853059                    
86165.43412851673                    
86884.21721165502                    
87543.38765940077                    
88134.29604244565                    
88648.93638439824                    
89080.09625874583                    
89421.51945985897                    
89668.05140942021                    
89815.7509236512                     
89862.01813010714                    
89805.66096289521                    
89646.94580777787                    
89387.61607007362                    
89030.87765968664                    
88581.3393328705                     
88044.93786938244                    
87428.82425005018                    
86741.19693082559                    
85991.17570528944                    
85188.57800155216                    
84343.74936825522                    
83467.36947135444                    
82570.24611549058                    
81663.16282310193                    
80756.65938117572                    
79860.92768424429                    
78985.65122205684                    
78139.93247110154                    
77332.20555345003                    
76570.16892945969                    
75860.74178945401                    
75210.06045443522                    
74623.4789568097                     
74105.56393714994                    
73660.1291622487                     
73290.265955139                      
72998.36395984692                    
72786.1596493554                     
72654.75683013824                    
72604.67601440205                    
72635.86139929981                    
72747.71352578465                    
72939.09770341135                    
73208.34992455221                    
73553.27355161007                    
73971.13728478593                    
74458.65976555386                    
75011.99447140023                    
75626.7285324417                     
76297.86729466787                    
77019.83939661858                    
77786.4896893798                     
78591.10013850908                    
79426.38105849849                    
80284.55082001929                    
81157.32484575799                    
82035.98085670666                    
82911.45498334346                    
83774.3732735448                     
84615.16950750409                    
85424.18339280914                    
86191.82324111613                    
86908.64732660414                    
87565.54296805618                    
88153.88701170175                    
88665.68382787885                    
89093.76287106841                    
89431.90440484273                    
89674.99063080922                    
89819.13397551248                    
89861.7777446698                     
89801.78100992843                    
89639.46333715309                    
89376.62127363717                    
89016.50716505665                    
88563.78625109703                    
88024.43374023323                    
87405.63512057313                    
86715.63345082529                    
85963.57259818494                    
85159.29540424599                    
84313.16532838087                    
83435.86137332529                    
82538.20945483584                    
81630.96596381271                    
80724.65976823363                    
79829.48692336358                    
78955.09810806652                    
78110.59033692519                    
77304.35943402797                    
76544.06874640874                    
75836.623207564                      
75188.13057771206                    
74603.90739363467                    
74088.50044400032                    
73645.70302136903                    
73278.56622305664                    
72989.46544163063                    
72780.11099601311                    
72651.58872432208                    
72604.39401061149                    
72638.45342473111                    
72753.14913829599                    
72947.32727012144                    
73219.3040193351                     
73566.86682816778                    
73987.26086464626                    
74477.18538092286                    
75032.78014397982                    
75649.60275679361                    
76322.64739762503                    
77046.31077847887                    
77814.43685719318                    
78620.26400978865                    
79456.49605906734                    
80315.33251416063                    
81188.4695304886                     
82067.16723238466                    
82942.36330408663                    
83804.67177047588                    
84644.49983219412                    
85452.22781051981                    
86218.22343203673                    
86933.06585094343                    
87587.67044805415                    
88173.42148707184                    
88682.36377713487                    
89107.3468728125                     
89442.19327334958                    
89681.82410949995                    
89822.39713601844                    
89861.40735467098                    
89797.76305764263                    
89631.8354156954                     
89365.47253140829                    
89001.98250218293                    
88546.06943183375                    
88003.7691097755                     
87382.29609071588                    
86689.93635655747                    
85935.84769498088                    
85129.9025241075                     
84282.48473122732                    
83404.27742417551                    
82506.09666953466                    
81598.71011905541                    
80692.63463389312                    
79798.04126894104                    
78924.57117084088                    
78081.29042519687                    
77276.56302459179                    
76518.03607960678                    
75812.58378581099                    
75166.28470851398                    
74584.43036212983                    
74071.53645793982                    
73631.37114430132                    
73266.96680862573                    
72980.67041424576                    
72774.16777800163                    
72648.52391560626                    
72604.21430182421                    
72641.14729279779                    
72758.68472871609                    
72955.65492838713                    
73230.35528864898                    
73580.54952166822                    
74003.4684958228                     
74495.79082990557                    
75053.63313570249                    
75672.54638641604                    
76347.48455693111                    
77072.83564588829                    
77842.4019439852                     
78649.43611844997                    
79486.61685845527                    
80346.1010394114                     
81219.58288867968                    
82098.32208105747                    
82973.21741229645                    
83834.8806487511                     
84673.74068179849                    
85480.15150785373                    
86244.49685426203                    
86957.36442315285                    
87609.67383975713                    
88192.83051616471                    
88698.91060200025                    
89120.79999604047                    
89452.34938923227                    
89688.52598925083                    
89825.53008697576                    
89860.90786979508                    
89793.61899763736                    
89624.08577068482                    
89354.21255821826                    
88987.35001697502                    
88528.26141268972                    
87983.01421184686                    
87358.87916889529                    
86664.16737819267                    
85908.07017843986                    
85100.47860330463                    
84251.77863717712                    
83372.6882318758                     
82473.99686154613                    
81566.46705362074                    
80660.63096484801                    
79766.62162564462                    
78894.07350425725                    
78052.02587678368                    
77248.80895097829                    
76492.05428450566                    
75788.59766258798                    
75144.49834977582                    
74565.02119742538                    
74054.65305702022                    
73617.12961870256                    
73255.4616569738                     
72971.96890338465                    
72768.3198597928                     
72645.55796838006                    
72604.13672217274                    
72643.94411559876                    
72764.32255407625                    
72964.08067376772                    
73241.49785617205                    
73594.32428252428                    
74019.76415335824                    
74514.47849073206                    
75074.5623886275                     
75695.5470603906                     
76372.37519647258                    
77099.40964598165                    
77870.42677055986                    
78678.65337647025                    
79516.75600053657                    
80376.87647266815                    
81250.6879952879                     
82129.45578365312                    
83004.04193019828                    
83865.0679615593                     
84702.93826986876                    
85508.00976135973                    
86270.68579000137                    
86981.55713953391                    
87631.56127751173                    
88212.116481524                      
88715.33024491655                    
89134.11737963228                    
89462.36878656498                    
89695.08925483782                    
89828.52855690051                    
89860.28043304068                    
89789.35667515533                    
89616.23219641752                    
89342.85936576848                    
88972.64795215345                    
88510.39986885061                    
87962.2328244942                     
87335.4461904405                     
86638.39622804265                    
85880.29894157701                    
85071.06849924865                    
84221.10859686745                    
83341.13410064355                    
82441.95277394619                    
81534.30543033802                    
80628.72051662272                    
79735.31175382472                    
78863.68712143054                    
78022.86433791503                    
77221.16855232493                    
76466.18748320843                    
75764.73813044715                    
75122.84148084043                    
74545.7368873298                     
74037.88692781187                    
73603.00299203709                    
73244.06783863806                    
72963.38180023503                    
72762.58535232769                    
72642.70052801522                    
72604.16136146536                    
72646.83667815289                    
72770.05103697695                    
72972.59145364034                    
73252.72176901097                    
73608.17173861538                    
74036.12618820005                    
74533.22883482634                    
75095.5578488505                     
75718.61134489809                    
76397.31358550514                    
77126.01384840783                    
77898.46745083931                    
78707.87467571379                    
79546.88566293161                    
80407.63977393434                    
81281.7896234566                     
82160.56230205248                    
83034.81765274641                    
83895.18340860397                    
84732.05696634515                    
85535.80453031151                    
86296.80175113355                    
87005.66400552311                    
87653.34497659549                    
88231.29755195571                    
88731.6403501512                     
89147.32124219525                    
89472.26627997014                    
89701.52620668596                    
89831.39932590188                    
89859.52389942145                    
89784.96369146017                    
89608.24529012312                    
89331.37633042329                    
88957.81147070642                    
88492.40711163459                    
87941.32623438179                    
87311.90714519515                    
86612.53349322871                    
85852.45180259307                    
85041.60020376412                    
84190.39546352286                    
83309.54510428557                    
82409.88965415543                    
81502.1432201529                     
80596.80413418269                    
79703.98709144595                    
78833.30532956113                    
77993.72960032815                    
77193.56494956001                    
76440.3712419217                     
75740.93261843917                    
75101.24622854967                    
74526.52653660299                    
74021.20420829447                    
73588.96530389467                    
73232.76891602048                    
72954.88918967062                    
72756.94716083779                    
72639.9429125655                     
72604.28811836461                    
72649.83357432693                    
72775.88423951996                    
72981.21045823625                    
73264.05463015243                    
73622.12570719628                    
74052.59400715522                    
74552.07849985945                    
75116.63711500146                    
75741.7508506584                     
76422.33135803175                    
77152.69225486851                    
77926.58063464302                    
78737.16671499975                    
79577.09318894841                    
80438.45747488736                    
81312.93213716001                    
82191.70472359225                    
83065.63910797071                    
83925.33862566281                    
84761.20303574938                    
85563.58374723527                    
86322.89268805431                    
87029.73990853842                    
87675.09442027133                    
88250.42355682145                    
88747.87755277415                    
89160.437205286                      
89482.06459799652                    
89707.85513812408                    
89834.1484116067                     
89858.63629813414                    
89780.4330963923                     
89600.11906600924                    
89319.75083490864                    
88942.83675380277                    
88474.28136822015                    
87920.2883103569                     
87288.23694348858                    
86586.55087746646                    
85824.49791508021                    
85012.03731984817                    
84159.58626790119                    
83277.89379099046                    
82377.75465617783                    
81469.91296538385                    
80564.85077293256                    
79672.66876787119                    
78802.95026744001                    
77964.63639242538                    
77166.01784793162                    
76414.61380541422                    
75717.1951110683                     
75079.72982461432                    
74507.39541665318                    
74004.60605266893                    
73575.01489323231                    
73221.55888167898                    
72946.49248956976                    
72751.40721750444                    
72637.28489704372                    
72604.51717229161                    
72652.93357139893                    
72781.82053783453                    
72989.93114075239                    
73275.48445453588                    
73636.17567171261                    
74069.15360624673                    
74571.01474928165                    
75137.80196585751                    
75764.97675187392                    
76447.42759118194                    
77179.44086092061                    
77954.75513847214                    
78766.51779067738                    
79607.34000852922                    
80469.31344928889                    
81344.08447091246                    
82222.84605294865                    
83096.43709236904                    
83955.45075368378                    
84790.29499917165                    
85591.31708155229                    
86348.9272099182                     
87053.74775251216                    
87696.75345440178                    
88269.4468436648                     
88764.00118339159                    
89173.42868465751                    
89491.73429575695                    
89714.0515773847                     
89836.76687626321                    
89857.62055895802                    
89775.77803893435                    
89591.8731382438                     
89308.01381762393                    
88927.76119771064                    
88456.0622929058                     
87899.16911418151                    
87264.50074268992                    
86560.50678460622                    
85796.49558546799                    
84982.43144730812                    
84128.76410004772                    
83246.23172757894                    
82345.64918418232                    
81437.72789502813                    
80532.95859478021                    
79641.4126865257                     
78772.65643098035                    
77935.61324759667                    
77138.53811846382                    
76388.9449237216                     
75693.55514551779                    
75058.31538033827                    
74488.37830322668                    
73988.12193063874                    
73561.18565917418                    
73210.47264089287                    
72938.21381107406                    
72745.98171143552                    
72634.73598551392                    
72604.84758421023                    
72656.12817164186                    
72787.84466960278                    
72998.72820132683                    
73286.98537380427                    
73650.28728903746                    
74085.76763068407                    
74589.99908741332                    
75159.00721434923                    
75788.22819113257                    
76472.52859039683                    
77206.18603163584                    
77982.91485730204                    
78795.83742941872                    
79637.54972952743                    
80500.13403477379                    
81375.20314136513                    
82253.9342597073                     
83127.18609141563                    
83985.49958929456                    
84819.30803568917                    
85618.95866786997                    
86374.85758298993                    
87077.63958684668                    
87622.06118986402                    