1682327.971414937                    
1646078.848307909                    
1609519.269630765                    
1572635.69208389                     
1535413.536621254                    
1497837.072530507                    
1459889.284147336                    
1421551.716900065                    
1382804.298609352                    
1343625.130977111                    
1303990.244929559                    
1263873.311813124                    
1223245.300261392                    
1182074.065651226                    
1140323.855163175                    
1097954.706161538                    
1054921.708300811                    
1011174.089552399                    
966654.07185156                      
921295.4211484126                    
875021.5859082373                    
827743.2720309804                    
779355.231595121                     
729731.9322260399                    
678721.5962031662                    
626984.7820580892                    
583487.119007981                     
538898.2585504412                    
501268.2349131262                    
462716.815702206                     
426462.2745216176                    
396217.0083351497                    
365270.5539931631                    
336132.5523846968                    
309018.4422231169                    
283799.9526375199                    
260303.0695394781                    
238344.7303749727                    
217733.6291165471                    
198286.4036909207                    
182203.7884829685                    
168058.1181115191                    
155496.2814225761                    
144206.9110151692                    
133003.0358103532                    
122874.9110043443                    
113790.2657154337                    
105677.8222342711                    
99510.35105411377                    
93701.65153690004                    
88776.52231054701                    
84653.62713669                       
81204.74028135206                    
78343.25066670026                    
76031.66988672972                    
74310.22392456335                    
73288.93195134206                    
72991.99985522057                    
72992.01198443491                    
72992.21621532713                    
72994.21648168645                    
73014.61645528497                    
73194.94247395807                    
73962.47413434899                    
75316.06286173596                    
77239.18268794104                    
79871.5079425648                     
83452.84168251573                    
87250.75488062274                    
91349.90112563192                    
95871.03926886065                    
100901.7896045269                    
106529.0150935905                    
112850.0037308834                    
119963.7008385692                    
127933.077779292                     
136745.9808802597                    
146368.8508151707                    
156829.7363516683                    
168224.2186895901                    
180695.7156561509                    
194424.5790986647                    
209611.5666054211                    
226391.6509187673                    
244654.0390815548                    
264117.5244992796                    
284649.2228561405                    
306285.3084034773                    
329129.2453346747                    
353298.4901039196                    
378916.2485377464                    
406103.1214240133                    
434984.0996813846                    
465690.339471537                     
498359.1678635831                    
533132.5351158878                    
570160.254776333                     
609607.0822176834                    
651638.5984243111                    
696440.5981870312                    
744207.2574588279                    
793459.2713125055                    
841514.6953808281                    
888492.6717239547                    
934493.450071636                     
979602.3519827233                    
1023892.726535408                    
1067428.193378258                    
1110264.372079296                    
1152450.234466267                    
1194029.175749482                    
1235039.872771813                    
1275516.978949299                    
1315491.6923902                      
1354992.224422                       
1394044.189104826                    
1432670.92946368                     
1470893.792597051                    
1508732.363148412                    
1546204.662613455                    
1583327.320418048                    
1620115.721518985                    
1622213.125566022                    