72098.89933660768                    
72098.90668507527                    
72099.01506587029                    
72100.12923644665                    
72112.49533404589                    
72222.9710626528                     
72709.88245615725                    
73636.40256572187                    
75005.77158924505                    
76842.45426357073                    
79185.11635527801                    
81955.7956041774                     
84981.02116768913                    
88274.47647689009                    
91869.91530172063                    
95798.80192649766                    
100092.4844924391                    
104784.6368719959                    
109911.7824514464                    
115510.2615919765                    
121612.2428137022                    
128237.7758717209                    
135388.4815045038                    
143045.5060160613                    
151181.9548871771                    
159771.9104041796                    
168792.2379494278                    
178216.8678392873                    
188009.2967729066                    
198114.0482249847                    
208450.8587490463                    
218910.8837341577                    
229358.7898141685                    
239636.6698434411                    
249568.7909578384                    
258964.6356983371                    
267619.0370588092                    
275310.4642692545                    
281784.8548161402                    
286721.485263962                     
289882.2489085899                    
291048.3027310649                    
290048.8466125428                    
286823.3086246636                    
281450.2811602367                    
274103.8912763028                    
265005.1657581792                    
254464.0636565775                    
242857.4419123335                    
230481.5097050401                    
217618.4696947659                    
204553.2877278425                    
192969.1724788001                    
180591.0097123082                    
170004.6765318629                    
158900.727439562                     
149538.9924987959                    
139889.3875155365                    
130825.6243474711                    
122452.7236749512                    
114760.1281502519                    
107762.2251068803                    
102169.2802770401                    
96751.98847200382                    
91975.33213703799                    
87841.78636271473                    
84277.09565287805                    
81213.87816819188                    
78604.24417206897                    
76419.03573469078                    
74647.24960172299                    
73313.6795500275                     
72480.58700037331                    
72119.65996489023                    
72202.62042841446                    
72713.63444334918                    
73650.84395729157                    
75026.99409388191                    
76870.25337312487                    
79219.8963282825                     
81993.95042704785                    
85022.5227051454                     
88319.75359980843                    
91919.44860516163                    
95852.80589242837                    
100151.3980066631                    
104849.1948306314                    
109982.319229884                     
115587.2585431341                    
121695.9868436396                    
128328.7304406018                    
135486.0867287445                    
143149.6036539988                    
151292.2399083966                    
159887.9945414883                    
168913.7586665842                    
178343.808576505                     
188140.8819206374                    
198249.4666756774                    
208588.6150390615                    
219049.3999475351                    
229496.1556277243                    
239770.584719984                     
249696.8461827442                    
259084.207025057                     
267727.3348788038                    
275404.4918588606                    
281860.224964189                     
286774.9996243043                    
289910.9424022338                    
291049.4784378682                    
290020.8457889216                    
286766.3044984633                    
281366.0553740406                    
273995.1201218737                    
264875.0423405227                    
254318.090171789                     
242699.6222865297                    
230315.4703955282                    
217447.9422392351                    
204382.0403627361                    
192802.7213932315                    
180431.3361717161                    
169853.3467853441                    
158759.5611288603                    
149406.2790978152                    
139766.4084598651                    
130712.137317193                     
122348.2530684562                    
114664.5092075704                    
107675.9957411509                    
102092.4992998682                    
96685.25331580921                    
91917.73298643218                    
87792.13744272619                    
84234.31283746299                    
81177.23578739994                    
78573.22705211115                    
76393.43474894184                    
74627.07560432756                    
73300.05783994994                    
72473.15684620816                    
72117.99889550527                    
72206.44291857144                    
72722.83033652391                    
73665.48077269954                    
75047.32122264513                    
76896.72173576537                    
79253.04153401891                    
82030.27257950732                    
85061.94296908952                    
88362.79053195198                    
91966.48703430993                    
95904.20672242156                    
100207.8781038286                    
104910.9885433004                    
110050.0845738414                    
115661.3085958604                    
121776.8340299642                    
128416.2013070043                    
135579.8131896748                    
143249.4243153118                    
151397.9509892139                    
159999.5842632653                    
169030.6804376724                    
178465.5501579796                    
188266.9951025453                    
198378.999565311                     
208720.3988338823                    
219181.9301070552                    
229627.5410710638                    
239898.7680325343                    
249819.4355209593                    
259198.7161285957                    
267831.0753898925                    
275494.452468641                     
281932.2634806758                    
286826.0788793446                    
289938.1455282773                    
291050.2526428376                    
289993.6250653505                    
286711.2339680402                    
281284.9822103926                    
273890.5606088739                    
264749.975522193                     
254177.7825676831                    
242547.9384714807                    
230155.9792309016                    
217284.1746415707                    
204217.6309301262                    
192642.9003914633                    
180278.0438522128                    
169708.0534907484                    
158623.9446090181                    
149278.6411184128                    
139648.3030313305                    
130603.3108649696                    
122248.1309059314                    
114572.8624880518                    
107593.3866055898                    
102018.975772565                     
96621.40081406145                    
91862.70435865509                    
87744.68074520318                    
84193.46818448395                    
81142.26337643222                    
78543.65702364432                    
76369.00534961748                    
74607.77532354262                    
73287.01616172983                    
72466.07485109898                    
72116.46670901362                    
72210.1862591081                     
72731.74054543085                    
73679.62988930043                    
75066.95545699795                    
76922.28706646018                    
79284.97969440781                    
82065.34334228098                    
85099.99986555512                    
88404.19722393627                    
92011.61647311367                    
95953.72228779657                    
100261.8441147761                    
104969.9017348966                    
110114.3130832428                    
115731.3085331567                    
121852.9545580811                    
128498.5463451305                    
135668.2521716216                    
143343.9629134621                    
151497.7915477864                    
160104.4457280845                    
169140.4530139038                    
178579.9507154158                    
188385.4563894082                    
198500.6046544574                    
208844.0603904293                    
219306.2653470307                    
229750.7476208205                    
240018.8542823256                    
249934.293271562                     
259305.9486279977                    
267928.1018995538                    
275578.6030333089                    
281999.5561805582                    
286873.6579226962                    
289963.3330343657                    
291050.6629504338                    
289967.8039164813                    
286659.3689595389                    
281208.6597122714                    
273792.2563808058                    
264632.5109320047                    
254046.0832150537                    
242405.6357021862                    
230006.3663820569                    
217130.5953742489                    
204063.5306897079                    
192493.1908256683                    
180134.6276457951                    
169572.1175216402                    
158497.0847449476                    
149159.3738707422                    
139537.8053199798                    
130501.4459997134                    
122154.3953925209                    
114487.0828097101                    
107516.0796176677                    
101950.1682257218                    
96561.50167097837                    
91811.00175906006                    
87700.13387621539                    
84155.07111071167                    
81109.36411358464                    
78515.85737089999                    
76346.05799745931                    
74589.66339837207                    
73274.80809850646                    
72459.47218077036                    
72115.08528360167                    
72118.74902554322                                   
