72092.60361281295                    
72092.60483181714                    
72092.62572644454                    
72092.82918057872                    
72095.06696373243                    
72115.86232459274                    
72203.79698217717                    
72368.6351889936                     
72607.38253647112                    
72917.4032984428                     
73296.06366228571                    
73740.29949753331                    
74246.54226252608                    
74810.68429583329                    
75428.07849993189                    
76093.52754950633                    
76801.30494751512                    
77545.15742881341                    
78318.32192010559                    
79113.5599444426                     
79923.18390394528                    
80739.13404133666                    
81552.98924403975                    
82356.0790383791                     
83139.56363731169                    
83894.53250228935                    
84612.10236658833                    
85283.56002657657                    
85900.49037309227                    
86454.91756456484                    
86939.44712180544                    
87347.40525934089                    
87672.98655436741                    
87911.38216332752                    
88058.89378886041                    
88113.01996364824                    
88072.54025288603                    
87937.56003178435                    
87709.52366989671                    
87391.20208540901                    
86986.65817438358                    
86501.16389058311                    
85941.10245534018                    
85313.85495930421                    
84627.63916295618                    
83891.36059421915                    
83114.42966693144                    
82306.6021510665                     
81477.79160449968                    
80637.92203923728                    
79796.75661371062                    
78963.75256914062                    
78147.99719370739                    
77358.01623747854                    
76601.75648464386                    
75886.52488477813                    
75218.94246613495                    
74604.89776841557                    
74049.57469443555                    
73557.427612367                      
73132.21189796523                    
72776.99123551708                    
72494.17735073564                    
72285.55327389536                    
72152.30200951546                    
72095.03109898698                    
72113.79815459313                    
72208.12841497632                    
72377.02634356554                    
72618.98254986331                    
72931.97649569894                    
73313.46582007447                    
73760.39202045083                    
74269.15857884717                    
74835.63954602473                    
75455.16381806746                    
76122.5149926552                     
76831.94706990622                    
77577.17559131551                    
78351.42813582852                    
79147.43009810153                    
79957.49291528866                    
80773.51729688907                    
81587.09236573995                    
82389.53458034433                    
83171.99872448674                    
83925.56668518817                    
84641.36110387532                    
85310.6902879941                     
85925.14873859179                    
86476.77702215369                    
86958.20664569625                    
87362.8059089125                     
87684.80550978865                    
87919.44398009294                    
88063.06602249823                    
88113.22711620446                    
88068.76031842025                    
87929.82870908418                    
87697.92769086041                    
87375.8913314299                     
86967.82836109563                    
86479.06197397583                    
85916.02296801916                    
85286.12621350068                    
84597.62052694277                    
83859.43662954289                    
83081.00528530472                    
82272.09313061168                    
81442.62231771476                    
80602.49750687803                    
79761.48616059034                    
78929.03624549459                    
78114.18799469508                    
77325.46655603591                    
76570.79102917016                    
75857.43929724737                    
75191.99306787243                    
74580.32207739826                    
74027.57163638955                    
73538.16966798076                    
73115.83899390821                    
72763.61772622814                    
72483.8939387382                     
72278.42125800076                    
72148.35825753004                    
72094.28983346156                    
72116.24985876369                    
72213.74210106595                    
72385.74812035321                    
72630.73782579244                    
72946.66713910081                    
73330.97400277466                    
73780.57317387644                    
74291.8527838765                     
74860.659805166                      
75482.30655730184                    
76151.54796038711                    
76862.61253134377                    
77609.19989581899                    
78384.50839430686                    
79181.26669150518                    
79991.74985743361                    
80807.85174183515                    
81621.13469507179                    
82422.911153336                      
83204.3312524699                     
83956.49200535113                    
84670.51233131682                    
85337.7006176704                     
85949.67358075413                    
86498.48993885018                    
86976.81628773813                    
87378.04925195065                    
87696.46615029994                    
87927.33920737551                    
88067.06990713657                    
88113.26663656344                    
88064.81837063329                    
87921.93779383886                    
87686.1816785275                     
87360.43473666333                    
86948.86039030041                    
86456.83299502901                    
85890.82424320973                    
85258.28672336724                    
84567.50325884311                    
83827.43176205856                    
83047.51943169384                    
82237.54449400386                    
81407.42249517518                    
80567.07033135509                    
79726.23166834416                    
78894.34409811506                    
78080.43008547541                    
77292.98085933292                    
76539.90222455045                    
75828.43525132381                    
75165.13789084562                    
74555.8467881301                     
74005.67858678571                    
73519.02866348454                    
73099.58719861                       
72750.3762301971                     
72473.74467866523                    
72271.42707142215                    
72144.55273446221                    
72093.68385458036                    
72118.83361147712                    
72219.48299909171                    
72394.59283183428                    
72642.60770849862                    
72961.46342908399                    
73348.58295111962                    
73800.85260734906                    
74314.64116998838                    
74885.7727993736                     
75509.52685865827                    
76180.64553155864                    
76893.32982354524                    
77641.2671801762                     
78417.63425386969                    
79215.12815352401                    
80026.01465502646                    
80842.16170242244                    
81655.13736354414                    
82456.23720149718                    
83236.61340389765                    
83987.34192052044                    
84699.56938011812                    
85364.60505966577                    
85974.07789532878                    
86520.077680049                      
86995.28974696204                    
87393.15141970286                    
87707.97247616222                    
87935.07786313449                    
88070.91227383565                    
88113.13843455768                    
88060.70114341188                    
87913.8707959243                     
87674.25928093605                    
87344.80853566933                    
86929.73302572336                    
86434.45697193936                    
85865.49399114052                    
85230.33373837081                    
84537.29593769285                    
83795.35548269046                    
83013.97839760061                    
82202.952368427                      
81372.20526964231                    
80531.64068659423                    
79690.98699498101                    
78859.68016016948                    
78046.70842215797                    
77260.54621608771                    
76509.07192856104                    
75799.50488378537                    
75138.370626456                      
74531.47057736317                    
73983.89197973562                    
73499.99922123425                    
73083.45899033236                    
72737.25442103413                    
72463.71987602061                    
72264.55749456622                    
72140.8762271513                     
72093.21159462107                    
72121.55432880568                    
72225.36395816387                    
72403.57857360324                    
72654.62540885982                    
72976.41192777398                    
73366.34507139851                    
73821.28418591048                    
74337.5779947819                     
74911.01906858425                    
75536.87459156515                    
76209.8680823445                     
76924.17442511368                    
77673.44531225033                    
78450.85246705887                    
79249.06092176438                    
80060.32620963834                    
80876.51139426169                    
81689.17404557874                    
82489.58269816662                    
83268.88593782173                    
84018.17504735326                    
84728.5867350756                     
85391.44305637885                    
85998.3992691976                     
86541.56274402828                    
87013.64537030093                    
87408.11706553337                    
87719.33109029171                    
87942.65669463269                    
88074.5892129727                     
88112.84227897895                    
88056.41624799428                    
87905.63927431307                    
87662.18043740233                    
87329.03358950635                    
86910.46412429745                    
86411.94430278931                    
85840.03314762424                    
85202.26352032344                    
84506.97463551398                    
83763.17832035883                    
82980.35809113533                    
82168.30102630368                    
81336.93658970458                    
80496.17169570565                    
79655.72739651584                    
78825.01010392371                    
78012.99956515332                    
77228.14806868084                    
76478.30175413773                    
75770.64838597704                    
75111.67912569844                    
74507.17894641928                    
73962.19924833538                    
73481.07559564752                    
73067.44179585924                    
72724.25461900537                    
72453.82254765021                    
72257.8205766578                     
72137.33335120433                    
72092.87409655061                    
72124.41052990296                    
72231.37820820314                    
72412.69229845244                    
72666.76143714448                    
72991.47433856344                    
73384.20438753748                    
73841.80421919933                    
74360.58747660086                    
74936.3378037053                     
75564.29016422296                    
76239.13979183219                    
76955.0463450859                     
77705.64750450991                    
78484.077310772                      
79283.00428752736                    
80094.64380374558                    
80910.84990416202                    
81723.16038892117                    
82522.85535581535                    
83301.06791940343                    
84048.89586549919                    
84757.48360464978                    
85418.15692733397                    
86022.58592268577                    
86562.8972538941                     
87031.84401190412                    
87422.91825791149                    
87730.52220490211                    
87950.06614189915                    
88078.09605021268                    
88112.37866612259                    
88051.96785838892                    
87897.24839367317                    
87649.94828604194                    
87313.11313016767                    
86891.06159456974                    
86389.31547943711                    
85814.47836614198                    
85174.11809433466                    
84476.61253575367                    
83730.98042059047                    
82946.72812907373                    
82133.6597192285                     
81301.70504861294                    
80460.75835568656                    
79620.53494857093                    
78790.42476831921                    
77979.39099634133                    
77195.85956182078                    
76447.64818552489                    
75741.91729398452                    
75085.13186511464                    
74483.03840939772                    
73940.65885278325                    
73462.30356227963                    
73051.57598007156                    
72711.40797990347                    
72444.07508713262                    
72251.23066243449                    
72133.93246130031                    
72092.67185788231                    
72127.39267246905                    
72237.51050174251                    
72421.91997956729                    
72679.00656067701                    
73006.63802179602                    
73402.16596776804                    
73862.41644220607                    
74383.68685546922                    
74961.73319030857                    
75591.76907839093                    
76268.46870883253                    
76985.96476535487                    
77737.88237079354                    
78517.32600394329                    
79316.94450241966                    
80128.95093263833                    
80945.17633969302                    
81757.13577197239                    
82556.10714465498                    
83333.23332416899                    
84079.5899567023                     
84786.33075994195                    
85444.80306949592                    
86046.68550046705                    
86584.13414878359                    
87049.92605041592                    
87437.59586133806                    
87741.57359399417                    
87957.32270193668                    
88081.44148726932                    
88111.7462587357                     
88047.3479755271                     
87888.68769357442                    
87637.5483457285                     
87297.02751248896                    
86871.50166422933                    
86366.53875429987                    
85788.78422206419                    
85145.84003474705                    
84446.11981770661                    
83698.67049046901                    
82913.00496011296                    
82098.94225004659                    
81266.40781961006                    
80425.29974586512                    
79585.32155232239                    
78755.83809834319                    
77945.79991714613                    
77163.60015622947                    
76417.03470318383                    
75713.23723645622                    
75058.64045435822                    
74458.96302361504                    
73919.19890500154                    
73443.62130625808                    
73035.81416438927                    
72698.67184416042                    
72434.44523766848                    
72244.76469135827                    
72130.66126252802                    
72092.60385096865                    
72130.51341793647                    
72243.78381314759                    
72431.28879994959                    
72691.38929458628                    
73021.93258554781                    
73420.2494509361                     
73883.14367613388                    
74406.89170759688                    
74987.22320860076                    
75619.33126201175                    
76297.871502284                      
77016.9492969319                     
77770.16356162727                    
78550.60742025328                    
79350.90286672938                    
80163.25249994495                    
80979.46709210139                    
81791.05190031853                    
82589.29141277116                    
83365.29789243886                    
84110.16175593987                    
84815.04333712239                    
85471.2998510187                     
86070.62604831903                    
86605.20382264722                    
87067.83482256606                    
87452.09010598334                    
87752.44610177053                    
87964.40606822343                    
88084.61578717038                    
88110.94760727455                    
88042.567765293                      
87879.97274224834                    
87625.00079292187                    
87280.80922642162                    
86851.82454838163                    
86343.65673130452                    
85762.99993577377                    
85117.49308602743                    
84415.57947060066                    
83666.32892720951                    
82879.26715621157                    
82064.22516048484                    
81231.13067277569                    
80389.87529653314                    
79550.1478642258                     
78721.31035152944                    
77912.2796617578                     
77131.42541369097                    
76386.52373234356                    
75684.6711732371                     
75032.27538298086                    
74435.02428139622                    
73897.8800894032                     
73425.08873764267                    
73020.1984147414                     
72686.08137068737                    
72424.96132858144                    
72238.44169266202                    
72127.52861151296                    
72092.6703992924                     
72133.76558550763                    
72250.18367492167                    
72440.77929977897                    
72703.89063763681                    
73037.34197276866                    
73438.44199184288                    
73903.97498630609                    
74430.19313286731                    
75012.80574960358                    
75646.97965089447                    
76327.34412635576                    
77047.99691854729                    
77802.49957244108                    
78583.93319752665                    
79384.89828245758                    
80197.58329984729                    
81013.78329778918                    
81824.98393540234                    
82622.46621850366                    
83397.34767255206                    
84140.70972109726                    
84843.7150179773                     
85497.73719588733                    
86094.4964907947                     
86626.18559905437                    
87085.63819253455                    
87466.46386750194                    
87763.18160698136                    
87971.33619401199                    
88087.62795364                       
88109.97927412073                    
88037.61250218548                    
87871.08121183384                    
87612.27610621911                    
87264.41274303086                    
86831.96996156989                    
86320.60581459742                    
85737.05563148638                    
85089.00183161951                    
84384.90657971396                    
83633.86769526516                    
82845.43215947958                    
82029.42856038816                    
81195.79146052421                    
80354.4103746599                     
79514.95337325186                    
78686.76900535174                    
77878.75402638943                    
77099.25627312402                    
76356.02819042659                    
75656.13660246282                    
75005.95265326615                    
74411.13947599175                    
73876.62451133355                    
73406.62336650481                    
73004.66079164828                    
72673.58125594583                    
72415.57834354298                    
72232.22843577729                    
72124.52007842094                    
72092.87220701                       
72137.16093069431                    
72256.73424788186                    
72450.42537618949                    
72716.54952128319                    
73052.91052022838                    
73456.79821062092                    
73924.97017686316                    
74453.65708154977                    
75038.54191700737                    
75674.77425118402                    
76356.95898859917                    
77079.16614543695                    
77834.9456105679                     
78617.35006257849                    
79418.96591325555                    
80231.95971993434                    
81048.11609989287                    
81858.91383860748                    
82655.61984789482                    
83429.35251137805                    
84171.19190333829                    
84872.30827119836                    
85524.0866173228                     
86118.25584168801                    
86647.04077045599                    
87103.30447784958                    
87480.69263792364                    
87773.76037491423                    
87978.1058555395                     
88090.47368559167                    
88108.84288043232                    
88032.48836150987                    
87862.02155710968                    
87599.39390539394                    
87247.87284389725                    
86811.98737278531                    
86297.4401107146                     
85711.01848530442                    
85060.4275073035                     
84354.16677245304                    
83601.36306580291                    
82811.56701095469                    
81994.62315912895                    
81160.45885168713                    
80318.96154131625                    
79479.79627938692                    
78652.28921145637                    
77845.31860140985                    
77067.20165268812                    
76325.6569779188                     
75627.73287110179                    
74979.77378795903                    
74387.40211124133                    
73855.52442652195                    
73388.32143785676                    
72989.29143233594                    
72661.24543781915                    
72406.35556199054                    
72226.17144107239                    
72121.65663482045                    
72093.20791916983                    
72140.67963518084                    
72263.39756561141                    
72460.17002133022                    
72729.29542017299                    
73068.56079966843                    
73475.22273006925                    
73946.02176907595                    
74477.16144909144                    
75064.31020596861                    
75702.59246381145                    
76386.58812957352                    
77110.33787008139                    
77867.38376533691                    
78650.74880514997                    
79453.00753506184                    
80266.2965528771                     
81082.38977125891                    
81892.7806289188                     
82688.6996662343                     
83461.27193388664                    
84201.57789574968                    
84900.7870256782                     
85550.30670479532                    
86141.87416595366                    
86667.74377751435                    
87120.81087272041                    
87494.7580648166                     
87784.17422361046                    
87984.70711092828                    
88093.15101313281                    
88107.53967240841                    
88027.20588070959                    
87852.81712416993                    
87586.37689603456                    
87231.20656649946                    
86791.88793330269                    
86274.17662227553                    
85684.89770568037                    
85031.79105722232                    
84323.38817936066                    
83568.83009497983                    
82777.69244938523                    
81959.82024607334                    
81125.15364449899                    
80283.55963982492                    
79444.70060535389                    
78617.88366851257                    
77811.95817795974                    
77035.23025323077                    
76295.38467122504                    
75599.44210645051                    
74953.71002204325                    
74363.78590020815                    
73834.54638970357                    
73370.14911187923                    
72974.04717207424                    
72649.03635748256                    
72397.2621043023                     
72220.24616761244                    
72118.92706002847                    
72093.67797440915                    
72144.33128264912                    
72270.19152522084                    
72470.04667914745                    
72742.171146333                      
73084.32281585805                    
73493.75058656756                    
73967.16463313458                    
74500.75598671718                    
75090.15831141523                    
75730.47415912722                    
76416.26533632728                    
77141.55519985393                    
77899.84497869892                    
78684.15675011343                    
79487.04184256296                    
80300.61949788031                    
81116.65762588964                    
81926.6137646287                     
82721.73465031003                    
83493.12489113281                    
84231.88203724439                    
84929.17234747981                    
85576.41232007969                    
86165.37243573203                    
86688.32009766535                    
87138.18273372087                    
87508.66853460591                    
87794.42497521325                    
87991.14158021526                    
88095.66071173079                    
88106.06856886516                    
88021.75493200826                    
87843.44235650648                    
87573.19367144562                    
87214.38205639996                    
86771.64329523787                    
86250.77395119067                    
85658.64370883451                    
85003.02961286882                    
84292.49827095438                    
83536.20227785285                    
82743.73985507441                    
81924.95976198344                    
81089.80452665448                    
80248.13528797544                    
79409.59408188345                    
78583.47326081376                    
77778.61718125918                    
77003.28631653453                    
76265.15593689497                    
75571.20499495952                    
74927.7193417635                     
74340.2599175503                     
73813.67115083382                    
73352.08177832818                    
72958.92320319242                    
72636.95729434681                    
72388.29831203634                    
72214.45287231477                    
72116.32981323615                    
72094.28316669623                    
72148.12002654195                    
72277.1229588954                     
72480.05942118823                    
72755.18087665419                    
73100.22508856468                    
73512.41475882073                    
73988.44151224502                    
74524.46831322454                    
75116.11334197613                    
75758.45601179812                    
76446.02594340786                    
77172.83923235185                    
77932.36914177665                    
78717.61688703824                    
79521.1119892203                     
80334.96076989837                    
81150.91073244672                    
81960.41684523592                    
82754.71401045994                    
83524.91522577933                    
84262.10178272708                    
84957.46128347784                    
85602.41436989905                    
86188.74811881692                    
86708.76065365439                    
87155.40412855882                    
87522.42934691279                    
87804.52225961226                    
87997.41345809432                    
88098.00266564604                    
88104.42978772137                    
88016.14003020163                    
87833.91171233106                    
87559.86028367134                    
87197.41774257453                    
86751.26516944611                    
86227.25765461331                    
85632.29609622825                    
84974.19815777714                    
84261.55486481509                    
83503.54581139018                    
82709.77953377673                    
81890.11106605896                    
81054.48690222096                    
80212.75939570204                    
79374.56228855293                    
78549.16472144458                    
77745.37348809294                    
76971.45832188631                    
76235.04515103876                    
75543.09501156738                    
74901.85484900679                    
74316.8653908939                     
73792.92993277815                    
73334.14894661818                    
72943.9327609192                     
72625.01066137513                    
72379.47311536908                    
72208.79645235713                    
72113.87070439434                    
72095.02145651288                    
72152.03560065891                    
72284.17441062172                    
72490.18249593936                    
72768.2933852478                     
73116.22268996542                    
73531.16693895085                    
74009.79773489515                    
74548.25362464385                    
75142.13549173088                    
75786.49697405961                    
76475.84778641883                    
77204.17512179242                    
77964.93272770241                    
78751.09612705321                    
79555.19315093581                    
80369.29536516947                    
81185.1560474056                     
81994.2046369755                     
82787.67162063184                    
83556.65745627765                    
84292.25937527623                    
84985.6673312099                     
85628.31868244526                    
86212.01548348268                    
86729.08164541551                    
87172.49428298236                    
87536.04875479863                    
87814.46485038157                    
88003.5261201551                     
88100.18020499729                    
88102.62183178884                    
88010.35077583407                    
87824.20278302937                    
87546.35392695                       
87180.28573207544                    
86730.7324607906                     
86203.58872980336                    
85605.80270569763                    
85097.1462214639                               
