1669254.275134258                    
1632885.81483659                     
1596201.72250165                     
1559188.061531378                    
1521829.815875699                    
1484110.767614082                    
1446013.35594476                     
1407518.513993545                    
1368605.479002838                    
1329251.570369217                    
1289431.928584834                    
1249119.206283381                    
1208283.200154584                    
1166890.40922207                     
1124903.500582308                    
1082280.65767391                     
1038974.777804024                    
994932.4739160548                    
950092.818808818                     
904385.7456182262                    
857729.9822215285                    
810030.342523532                     
761174.1129488302                    
711026.1382905853                    
659421.9928321693                    
608851.5639868359                    
566595.5207569617                    
523277.7437314543                    
486711.336746307                     
449252.130029898                     
414021.2081290404                    
381307.1355455219                    
350972.9185400911                    
322829.5713651692                    
296689.3063201391                    
272370.1331784814                    
249692.0255984883                    
228471.0891219227                    
208516.364114082                     
189672.3495493842                    
174546.0745348814                    
161200.8021001735                    
149293.4289993122                    
137420.5373188129                    
126739.6108075283                    
117205.7213869934                    
108661.7062151289                    
101955.302437284                     
95595.20682965327                    
90210.92793204897                    
85722.25580941809                    
81969.38584836575                    
78837.7651811114                     
76262.62465584341                    
74235.92001833383                    
72844.11518136543                    
72163.78105825352                    
72094.77918502921                    
72094.79161524368                    
72094.98873618414                    
72097.06810727862                    
72117.94038445411                    
72312.09565187816                    
73095.07802194248                    
74453.44460120043                    
76376.33428373429                    
79009.96947950573                    
82556.85052264911                    
86315.15065557197                    
90376.49328845827                    
94858.03248348228                    
99845.81693841697                    
105425.6347330104                    
111693.9516000064                    
118748.1147812693                    
126648.5787360715                    
135380.7765576687                    
144912.5990008136                    
155274.5276632307                    
166562.5248229066                    
178919.9551710712                    
192527.0338690669                    
207579.1822482842                    
224205.1366407429                    
242287.3379716791                    
261547.8980268511                    
281862.4674382958                    
303270.6593889607                    
325875.1334296734                    
349792.1670299642                    
375142.188161367                     
402046.3976836969                    
430629.1350953427                    
461018.8714576203                    
493348.8964890591                    
527762.3972638499                    
564408.7680885375                    
603445.8869729898                    
645043.2117295291                    
689383.5321115101                    
736655.9405124558                    
786129.5846010725                    
834383.2709904199                    
881540.0462194808                    
927703.2042969649                    
972960.4800266301                    
1017387.163596412                    
1061048.4562875                      
1104001.281301513                    
1146295.696090876                    
1187976.008366284                    
1229081.668420444                    
1269647.990279434                    
1309706.740227477                    
1349286.621395387                    
1388413.676044298                    
1427111.622046344                    
1465402.136288048                    
1503305.094909312                    
1540838.778172587                    
1578020.046143168                    
1614864.490123678                    
1623013.548674531                    
