72996.87095196874                    
72996.8781424598                     
72996.99015188531                    
72998.15890452841                    
73008.9548399442                     
73106.56347881528                    
73574.73497778886                    
74488.78985965475                    
75851.702189534                      
77687.40000824134                    
80035.36637305973                    
82830.99499267174                    
85885.12145808506                    
89209.31516638023                    
92838.16351525376                    
96803.92899846759                    
101138.5332789217                    
105876.4101911573                    
111054.5978456365                    
116710.0697135096                    
122876.6588093965                    
129575.5398695298                    
136808.9644705242                    
144559.906907824                     
152800.8274330889                    
161506.200245495                     
170653.4701180705                    
180217.9432707967                    
190164.3822772205                    
200438.860321279                     
210962.1102309207                    
221626.1099457177                    
232294.5407515275                    
242807.8887928487                    
252988.3222243704                    
262642.995339075                     
271564.1112350659                    
279528.0266451138                    
286286.6753899433                    
291504.0129674855                    
294934.8581506647                    
296351.5027938185                    
295569.0120236581                    
292509.3393740266                    
287240.1619789895                    
279934.1902745679                    
270814.9253641817                    
260178.5388217156                    
248421.6554429386                    
235848.5018700784                    
222746.8930713373                    
209406.2265688438                    
197537.7060726341                    
184839.8942211812                    
173975.091777886                     
162566.0991051849                    
152962.8327108276                    
143052.9708694149                    
133745.5534804968                    
125149.4852670479                    
117249.2370786437                    
110050.2617815716                    
104277.2961314374                    
98677.18687508111                    
93736.97869414935                    
89462.86317397581                    
85777.25156225845                    
82608.65698449306                    
79905.47131178271                    
77635.6764686302                     
75785.65154471272                    
74367.36713460709                    
73460.69098525941                    
73037.86503272926                    
73068.67976105375                    
73535.27353761512                    
74434.0140109455                     
75776.10737090392                    
77588.56776182271                    
79911.26790944392                    
82694.70161180253                    
85737.29579117442                    
89048.05775000021                    
92662.10206517104                    
96611.50312431545                    
100928.2431520664                    
105646.6405044314                    
110803.5050810086                    
116436.1225480886                    
122578.3889129065                    
129252.6066273937                    
136461.7459549239                    
144189.1164403289                    
152407.8945984941                    
161092.1199885801                    
170219.3791957535                    
179765.0213920532                    
189694.7590582508                    
199955.482473663                     
210469.3780019635                    
221129.5048982869                    
231801.0460692534                    
242325.3992058739                    
252525.4956665518                    
262209.031932861                     
271169.0813675114                    
279182.5677093585                    
286006.5335165592                    
291300.635355117                     
294819.1263070208                    
296333.3756828465                    
295655.2123949317                    
292700.2596124577                    
287529.8068746977                    
280313.2364642088                    
271272.2572530256                    
260694.5364793803                    
248982.0304209025                    
236440.0247568929                    
223356.4210048674                    
210020.2698462022                    
198136.0200450211                    
185415.2642601137                    
174520.6238386534                    
163075.3401615416                    
153441.7290689968                    
143496.218794431                     
134154.1384105433                    
125525.5029377649                    
117593.8074846054                    
110361.9490658508                    
104555.0241521099                    
98918.89872964498                    
93945.55768823587                    
89642.643525237                      
85932.10122866802                    
82741.39370356686                    
80018.04052607348                    
77729.11652012201                    
75860.12530831482                    
74418.70479256588                    
73490.0004437842                     
73046.7063158383                     
73058.15094087181                    
73505.86617018645                    
74385.58579152012                    
75707.84937558266                    
77498.95426419427                    
79798.46743085106                    
82570.66663951213                    
85602.89317740044                    
88901.56425621637                    
92501.97804456635                    
96436.34734944055                    
100736.7368752194                    
105437.4053005254                    
110574.5297899284                    
116186.0924757219                    
122305.8080049197                    
128956.7603739982                    
136143.2911114151                    
143849.0095225853                    
152047.2646215173                    
160711.9465296661                    
169820.7164675509                    
179349.1826434191                    
189263.5574490628                    
199511.4728892686                    
210016.4799387498                    
220672.9845634777                    
231347.2158486425                    
241881.4003511986                    
252099.1367925174                    
261808.791209644                     
270804.2472127075                    
278863.0391899625                    
285743.2894622633                    
291108.0524448007                    
294707.6364870885                    
296312.2945453353                    
295731.0303053316                    
292873.6384100521                    
287795.4537086439                    
280662.4563965572                    
271694.8270768765                    
261172.2215375115                    
249501.5727044498                    
236989.0574766845                    
223922.7149854155                    
210591.3300855768                    
198692.9686368222                    
185951.2562188994                    
175029.0205586163                    
163550.1778376689                    
153888.3434263152                    
143909.8445279646                    
134535.4680708653                    
125876.4548819583                    
117915.5113057054                    
110653.1843736436                    
104814.5845485792                    
99145.00511221065                    
94140.69987958335                    
89810.85214978893                    
86076.97008166449                    
82865.61834072633                    
80123.41163240568                    
77816.67821695257                    
75930.10483549717                    
74467.92289647015                    
73518.48064526326                    
73055.83809026383                    
73048.9879699219                     
73478.89161897288                    
74340.68455326524                    
75644.27444528764                    
77415.31323399878                    
79693.06950316815                    
82454.61193220786                    
85477.12143071713                    
88764.54338239915                    
92352.32649479384                    
96272.91303227215                    
100558.144603391                     
105242.0050509104                    
110361.1678483767                    
115952.9587475697                    
122051.9764817058                    
128681.9097397275                    
135847.1488717616                    
143532.5102748641                    
151711.7762016887                    
160358.4310085832                    
169450.0616855069                    
178962.3449943631                    
188862.0590245148                    
199098.1534976353                    
209594.7536077102                    
220247.5676782871                    
230923.9416491443                    
241466.9876401029                    
251700.9021769863                    
261434.6861178965                    
270462.6932009989                    
278563.2017129887                    
285495.3168512331                    
290925.5412585193                    
294600.3379214578                    
296288.9882385341                    
295797.9290480667                    
293031.5609262814                    
288039.5770620971                    
280984.8855306714                    
272086.0471175095                    
261615.2072846642                    
249983.9353322571                    
237499.357574304                     
224449.5377884891                    
211123.0936216918                    
199212.0279478242                    
186451.2655804394                    
175503.4840327228                    
163993.535617592                     
154305.3147855549                    
144295.9576547969                    
142737.5402231972                      
