94.81111779714031      
94.81093311735589      
94.81079195016852      
94.81076350620476      
94.8107494622604       
94.81062690591939      
94.81027651027448      
94.80958850298727      
94.80846726666709      
94.80683541444515      
94.80463715911797      
94.80184083261982      
94.79844025124819      
94.79445515115104      
94.78993058700128      
94.7849349068766       
94.77955672619211      
94.77390130120357      
94.76808578972033      
94.76223412095668      
94.75647157261734      
94.75091926036201      
94.74568904913106      
94.7408785529894       
94.73656709017546      
94.73281255476982      
94.72964910471111      
94.72708582668515      
94.7251066087038       
94.723670992831        
94.7227159469729       
94.72215857914429      
94.7218995761823       
94.72182723032066      
94.72182196097746      
94.72176113714363      
94.72152403013988      
94.7209967207061       
94.7200768217311       
94.71867779459322      
94.71673264939503      
94.7141970364252       
94.71105128782303      
94.707301515883        
94.70297974887151      
94.69814262647509      
94.69286937630345      
94.68725835461032      
94.68142298113095      
94.67548656972927      
94.66957721015356      
94.66382207999276      
94.65834130788184      
94.65324325934976      
94.64861944581513      
94.64454062035037      
94.64105383788942      
94.63818040797464      
94.63591525227316      
94.63422731901595      
94.63306102782556      
94.63233890876953      
94.6319650211715       
94.63182912064966      
94.63181138786065      
94.63178747020301      
94.63163367849802      
94.63123212683691      
94.6304755995114       
94.62927197650836      
94.62754805829044      
94.625252586874        
94.62235843372227      
94.61886375455674      
94.61479213387472      
94.61019142301453      
94.60513203643914      
94.59970382129333      
94.59401224438898      
94.58817397409733      
94.58231203986193      
94.57655025685477      
94.57100807760611      
94.56579571601034      
94.56100933316021      
94.55672690578739      
94.55300508219514      
94.54987670702296      
94.54734969298781      
94.54540659729174      
94.54400546590043      
94.54308159206386      
94.54255025217746      
94.5423102676894       
94.54224816762192      
94.5422429032245       
94.54217083375178      
94.54191083681864      
94.54134932723196      
94.54038500296828      
94.53893310996199      
94.53692905325418      
94.53433125957827      
94.53112306707841      
94.52731352049089      
94.52293734473467      
94.51805347046512      
94.512742836847        
94.50710496079535      
94.50125370866886      
94.49531258447723      
94.48940925826167      
94.48367009475849      
94.47821447922819      
94.4751469214076       
