96868.74574468064                    
97981.40377914485                    
100973.6269046756                    
105533.7634377276                    
110635.5993845196                    
116209.7011228783                    
122280.926954597                     
128869.1132018884                    
135976.5619498114                    
143585.9837066575                    
151668.9514064512                    
160195.8833059768                    
169139.1817991808                    
178468.1540351391                    
188142.0025840355                    
198101.9232817173                    
208265.4919788721                    
218524.2681651499                    
228744.2081360703                    
238769.6988230127                    
248427.4608513382                    
257528.6755442497                    
265869.7226569342                    
273229.9168364091                    
279341.4297504829                    
283903.9090100291                    
286691.1897926586                    
287502.1516967028                    
286192.8338728481                    
282728.8793674271                    
277198.8033576892                    
269773.1698167035                    
260667.0021915738                    
250214.699021211                     
238768.377806965                     
226615.7263292913                    
214034.4336090517                    
201304.8095701503                    
190051.9619334032                    
178053.8718824857                    
167753.5403038516                    
156972.6268288181                    
147824.9103994005                    
138416.1568344053                    
129569.4427841139                    
121388.2991997267                    
113877.0671350456                    
107071.3849579353                    
101659.9732840532                    
96434.81120974777                    
91828.26316186454                    
87837.90817635637                    
84395.11199121016                    
81439.59204637846                    
78929.41148756076                    
76840.70311257101                    
75167.47491363551                    
73960.7523998895                     
73247.02213675455                    
72996.85796544419                    
73185.42436009216                    
73800.52306138776                    
74843.60662690303                    
76330.45748646341                    
78291.33807869382                    
80763.00517805792                    
83609.4146402703                     
86711.97248333308                    
90091.78530059023                    
93781.24673730134                    
97810.83800816348                    
102211.8732512343                    
107017.6982279495                    
112263.8175981491                    
117984.9070505123                    
124210.331816884                     
130955.6823833102                    
138216.7409707553                    
145972.0068747435                    
154191.7232710632                    
162846.939930179                     
171909.9293598286                    
181347.7627089941                    
191114.8916114047                    
201146.0560386818                    
211351.0392769478                    
221613.2525349024                    
231791.83947868                      
241725.5542632205                    
251236.2040396855                    
260130.6214557581                    
268200.2629202327                    
275218.9534700865                    
280888.6422704487                    
284939.4751923132                    
287151.3616298133                    
287335.1527245705                    
285374.8382224803                    
281274.8070748076                    
275153.7108767209                    
267197.9583852341                    
257633.5767871156                    
246848.1038619979                    
235158.7988091662                    
222847.3901032822                    
210191.4423036953                    
197473.0371930714                    
186339.5377761718                    
174505.5496507768                    
164387.2840171606                    
153826.6318688547                    
144861.4475425383                    
135666.4319662487                    
127029.9070376357                    
119051.7004907627                    
111747.2133265966                    
105830.9023848243                    
100070.0872377092                    
94970.33177811177                    
90550.06568731755                    
86733.02246788795                    
83444.29382398585                    
80628.22015940398                    
78248.31281649142                    
76286.09641952904                    
74741.44348561813                    
73689.11766858537                    
73121.73837906276                    
73009.09572587328                    
73329.98526398836                    
74076.37678582028                    
75254.05294428561                    
76883.36402920244                    
78998.29158329625                    
81631.82552213712                    
84562.15020692897                    
87749.00962560547                    
91223.43648726087                    
95017.19627415402                    
99160.67414159092                    
103685.8013880237                    
108626.844727514                     
114019.7133180282                    
119897.7083964676                    
126286.7029259178                    
133196.7531160635                    
140617.0729536204                    
148522.4523942747                    
156882.8966088438                    
165670.1796919998                    
174855.6075124326                    
184403.3550036486                    
194262.1175903493                    
204359.2189145987                    
214596.0205213769                    
224848.0841049579                    
234967.5872553874                    
244787.4949595687                    
254124.8513949371                    
262781.7917151208                    
270544.5732077271                    
277180.4607440902                    
282361.6949648432                    
285851.2477705799                    
287437.0566236461                    
286947.2610796436                    
284300.6026795743                    
279541.5415967133                    
272815.3629105097                    
264322.4105099174                    
254325.6755339201                    
243220.8681539831                    
231303.8142188693                    
218852.8100872971                    
206146.1537123536                    
193467.7484646394                    
182477.908096738                     
170833.6184669221                    
160910.0202513004                    
150583.2278053158                    
140822.8028402238                    
131769.8803209678                    
123412.0305830484                    
115727.7712816097                    
108735.7591245364                    
103142.6150290163                    
97725.11962818594                    
92943.25386920742                    
88800.33048169877                    
85224.22195312788                    
82149.25092249352                    
79528.51288671361                    
77333.66815170372                    
75554.08125732717                    
74218.5259483456                     
73382.45139447736                    
73017.90199708521                    
73097.27104214628                    
73604.9819547052                     
74538.99962921157                    
75911.39641857141                    
77748.93469534759                    
80088.7150750938                     
82869.33204088564                    
85907.9826711512                     
89215.1287447354                     
92823.87569053379                    
96765.06096569831                    
101069.8207211405                    
105770.7252890627                    
110902.9985437314                    
116501.7649604229                    
122598.5018407054                    
129212.8627715745                    
136345.9918362736                    
143979.8592554367                    
152085.822627378                     
160634.3177308074                    
169597.6587504543                    
178944.9184224195                    
188634.6066524312                    
198606.9070496974                    
208778.0602311085                    
219038.1747318135                    
229252.2009677005                    
239263.4946336681                    
248897.921605786                     
257966.0672810119                    
266263.3014634151                    
273568.2828924215                    
279607.9172378911                    
284086.9176631629                    
286780.012135329                     
287487.8349631738                    
286070.6560712768                    
282500.5083045443                    
276871.2463094057                    
269356.3273591943                    
260172.543512974                     
249663.305199083                     
238174.955655894                     
225994.2439479235                    
213398.815802774                     
200669.2572804276                    
189434.9007403115                    
177462.7967839417                    
167192.3157916577                    
156447.6594566024                    
147330.2536512658                    
137957.011683662                     
129145.273324509                     
120997.7831423462                    
113520.4781433202                    
106751.7847798138                    
101375.4149887522                    
96187.36552052989                    
91614.47176176053                    
87653.37938080785                    
84236.27520243202                    
81303.87569082956                    
78815.17139540643                    
76747.19408328152                    
75094.92283043018                    
73913.49048384088                    
73223.74368925561                    
72996.06206139459                    
73206.18103847752                    
73842.56943232163                    
74907.39718674158                    
76417.16862966206                    
78402.78662366518                    
80900.69703523615                    
83760.32724954076                    
86876.05319007671                    
90270.78113284556                    
93976.76448531073                    
98024.40470663125                    
102445.0100924418                    
107272.3532006922                    
112541.9370588504                    
118288.2528676832                    
124539.3747156998                    
131311.1635921331                    
134260.1085212482                         
